// 左上，顺时针
//左下
	//1.上坡
	3.42256	    ,3.99189	,0
	4.91978	    ,3.99187	,0
	4.90874	    ,2.11001	,0.4
	3.42256	    ,2.11010    ,0.4

	//2.平地
	3.42256	    ,2.11079	,0.4
	5.12269	    ,2.07211	,0.4
	5.12269	    ,4.61001	,0.4
	5.30273     ,4.73386	,0.4
	7.36948	    ,4.77172	,0.4
	8.48452	    ,3.17923	,0.4
	6.43811	    ,3.14137	,0.4
	6.41834	    ,0.48927	,0.4
	3.42256	    ,0.48967	,0.4


	//3.高地上坡
	8.36755	    ,3.02923	,0.85
	8.36755	    ,1.77923	,0.85
	6.41836	    ,1.77927	,0.4
	6.41836	    ,3.02927	,0.4

	//4.高地
	8.36755	    ,3.02923	,0.85
	9.93594	    ,3.02921	,0.85
	9.93592	    ,1.77921	,0.85
	8.36755	    ,1.77923	,0.85

	//5.平地下坡
	7.16104	    ,1.62926	,0.2
	7.16102	    ,0.48926	,0.2
	6.41834	    ,0.48927	,0.4
	6.41836	    ,1.62927	,0.4

	//6.平地平坡
	7.161040    ,1.62926	,0.2
	12.13563    ,1.48917	,0.2
	12.13563    ,0.62917	,0.2
	7.161020    ,0.48926	,0.2

	//7.飞坡上坡
	13.17833    ,1.48917	,0.55
	13.17833    ,0.62915	,0.55
	12.13563    ,0.62917	,0.2
	12.13563    ,1.48917	,0.2

	//8.平地陡坡
	7.97161	    ,4.88812	,0
	8.65988	    ,3.90513	,0
	8.48452	    ,3.17923	,0.4
	7.36948	    ,4.77172	,0.4

//左上
	//1.上坡
	3.42247	    ,13.86932   ,0.4
	4.90896	    ,13.86858   ,0.4
	4.80853	    ,11.98675   ,0
	3.42247	    ,11.98675   ,0

	//2.平地
	3.42247	    ,15.48934   ,0.4
	9.57003	    ,15.48921   ,0.4
	9.57003	    ,14.34921   ,0.4
	7.36900	    ,11.20678   ,0.4
	5.30273	    ,11.20678   ,0.4
	5.12269	    ,11.38686   ,0.4
	5.12274	    ,13.86857   ,0.4
	3.42247	    ,13.86932   ,0.4

	//3.平地下坡
	9.94640		,15.48921   ,0.2
	9.94640		,14.34921   ,0.2
	9.57003	    ,14.34921   ,0.4
	9.57003	    ,15.48921   ,0.4

	//4.低地
	9.946400	,15.48921	,0.2
	15.46695	,15.48911	,0.2
	15.46693	,14.34911	,0.2
	9.946400	,14.34921	,0.2

	//5.低地下坡
	9.946400	,14.34921	,0.2
	12.58992	,14.34972	,0.2
	11.83377	,13.10547	,0
	9.190250    ,13.10547	,0

	//6.平地陡坡？
	8.97550		,12.52386	,0
	8.28719	    ,11.54089	,0
	7.82601	    ,11.86358	,0.4
	8.51678	    ,12.84507	,0.4

//左中
	//1.低地
	12.58992	,14.34972	,0.2
	14.29466	,14.34913	,0.2
	13.65415	,13.60405	,0.2

	//2.上坡
	12.58992	,14.34972	,0.2
	13.65415	,13.60405	,0.2
	12.66037	,12.18481	,0.6
	11.59548	,12.93047	,0.6

	//3.高地
	11.59548 	,12.93047	,0.6
	12.66037	,12.18481	,0.6
	10.90246	,9.674280	,0.6
	10.90243	,7.604100	,0.6
	9.83752	    ,6.85846	,0.6
	9.60242	    ,7.19423	,0.6
	9.60247	    ,10.08419	,0.6

	//4.下坡
	9.837520    ,6.85846	,0.6
	10.90243	,7.60410	,0.6
	12.18677	,5.76981	,0
	11.21860    ,5.02417	,0

//右下，顺时针
//右下
	//1.上坡
	25.87277	,2.10964    ,0.4
	24.38632	,2.10967    ,0.4
	24.54700	,3.99150	,0
    25.87280    ,3.99150	,0

	//2.平地
	25.87274	,0.48892	,0.4
	19.72524	,0.48903	,0.4
	19.72524	,1.62903	,0.4
	21.92567	,4.77146	,0.4
	24.02258	,4.77142	,0.4
	24.17258	,4.62142	,0.4
	24.17254	,2.10967	,0.4
	25.87277	,2.10964	,0.4

	//3.平地下坡
	19.34507	,0.48904	,0.2
	19.34507	,1.62439	,0.2
	19.72524	,1.62903	,0.4
	19.72524	,0.48903	,0.4

	//4.低地
	19.34507	,0.48904	,0.2
	13.82731	,0.48914	,0.2
	13.82700	,1.62914	,0.2
	19.34507	,1.62439	,0.2

	//5.低地下坡
	19.34507	,1.62439	,0.2
	16.88820    ,1.62909	,0.2
	17.68912	,2.77282	,0
	20.04322	,2.77282	,0

	//6.平地陡坡？
	20.31977	,3.45439	,0
	21.00808	,4.43736	,0
	21.46680    ,4.11615	,0.4
	20.78095	,3.13145	,0.4

//右中
	//1.低地
	16.70520    ,1.62909    ,0.2
	14.91789	,1.62914    ,0.2
	15.82818	,2.37419    ,0.2

	//2.上坡
	16.70520    ,1.62909	,0.2
	15.82818	,2.37419	,0.2
	16.63489	,3.79345	,0.6
	17.69978	,3.04775	,0.6

	//3.高地
    17.69978	,3.04775	,0.6
	16.63489	,3.79345	,0.6
	18.39280    ,6.30397	,0.6
	18.39284	,8.37415	,0.6
	19.45775	,9.11978	,0.6
	19.69285	,8.78402	,0.6
	19.69208	,5.89405	,0.6

	//4.下坡
	19.45776	,9.119780	,0.6
	18.39284	,8.374100	,0.6
	17.10850    ,10.20844	,0
	18.17341	,10.95407	,0

//右上
	//1.上坡
	25.87249	,11.98601	,0
	24.57527	,11.98603	,0
	24.38631	,13.86789	,0.4
	25.87253	,13.86786	,0.4

	//2.平地
	25.87253	,13.86786	,0.4
	24.17248	,13.86789	,0.4
	24.17248	,11.35614	,0.4
	24.02248	,11.20614	,0.4
	21.92557	,11.20618	,0.4
	20.81054	,12.79867	,0.4
	22.87667	,12.79863	,0.4
	22.87693	,15.48898	,0.4
	25.87255	,15.48858	,0.4

	//3.高地上坡
	20.92753	,12.94866	,0.85
	20.92753	,14.19866	,0.85
	22.87693	,14.19899	,0.4
	22.87693	,12.94899	,0.4

	//4.高地
	20.92753	,12.94866	,0.85
	19.35914	,12.94866	,0.85
	19.35914	,14.19866	,0.85
	20.92753	,14.19866	,0.85

	//5.平地下坡
	22.13423	,14.34899	,0.2
	22.13425	,15.48899	,0.2
	22.87693	,15.48898	,0.4
	22.87693	,14.34899	,0.4

	//6.平地平坡
	22.13423	,14.34899	,0.2
	17.28173	,14.48908	,0.2
	17.26175	,15.34908	,0.2
	22.13425	,15.48899	,0.2

	//7.飞坡上坡
	16.11695	,14.48910	,0.55
	16.11695	,15.34910	,0.55
	17.26175	,15.34908	,0.2
	17.28173	,14.48908	,0.2

	//8.平地陡坡？
	21.32664	,11.09169	,0
	20.63591	,12.07296	,0
	21.09391	,12.39396	,0.4
	21.78464	,11.41269	,0.4